ID	NUTS	q	x1	z1	z2
1	AT11	49.514286	181.39047	45.065762	197.84929
2	AT12	58.259556	213.20222	43.192383	196.54427
3	AT13	73.875298	315.76587	32.56406	150.89977
4	AT21	56.029167	220.93333	46.466816	214.56209
5	AT22	54.842007	223.02231	49.463036	197.63467
6	AT31	59.810265	229.493	48.626343	202.30569
7	AT32	61.935848	221.0717	61.3657	247.53278
8	AT33	60.018406	220.88957	66.351921	272.96878
9	AT34	64.831253	241.85001	57.933254	222.13602
10	BE10	82.954758	259.82684	71.891045	251.84349
11	BE21	78.266472	266.98282	72.492058	258.88052
12	BE22	61.543335	268.12	65.206497	227.6886
13	BE23	64.558182	242.73767	65.214981	234.26804
14	BE24	73.224747	265.05807	74.238106	266.37808
15	BE25	62.201271	243.85805	62.409603	222.21248
16	BE31	83.867767	294.22314	70.364159	233.64391
17	BE32	59.538071	190.21573	72.488434	249.59636
18	BE33	59.997173	221.70338	62.805882	232.45067
19	BE34	57.107143	236.25	69.091751	232.12267
20	BE35	57.836735	186.13605	66.746979	241.49007
21	BG31	6.2419825	53.53936	4.9210329	36.369823
22	BG32	4.9612403	22.697674	7.130168	75.089142
23	BG33	5.5943875	64.890305	6.8286757	65.292068
24	BG34	5.287879	33.549244	11.473212	91.94706
25	BG41	6.7989364	38.388298	15.08091	89.748253
26	BG42	4.3805857	52.986134	10.334867	57.26384
27	CY00	39.720634	184.29842	37.073463	140.58618
28	CZ01	26.164751	171.68582	22.355125	160.65048
29	CZ02	20.084017	155.18443	23.571272	163.95076
30	CZ03	17.169611	151.72438	33.245991	169.29021
31	CZ04	16.746964	119.03442	33.650974	220.2003
32	CZ05	16.867817	105.29885	19.330507	134.688
33	CZ06	16.694517	122.65013	37.244228	177.27434
34	CZ07	16.182657	112.21217	16.723022	126.78578
35	CZ08	16.489523	177.11809	15.295854	104.96787
36	DE11	64.123703	194.72672	55.39019	193.60545
37	DE12	59.555321	174.90923	61.004578	196.09926
38	DE13	53.499069	179.87151	61.230701	206.47989
39	DE14	56.048996	192.03786	58.889626	201.80959
40	DE21	69.25692	263.59991	55.525448	212.03961
41	DE22	50.924694	202.50787	52.096436	212.78549
42	DE23	52.309525	198.03847	37.618488	167.71191
43	DE24	47.923759	164.47163	47.916889	212.90596
44	DE25	55.327415	200.8213	54.075241	191.49915
45	DE26	53.580452	182.56842	58.936008	186.59512
46	DE27	52.438774	217.69048	62.855854	222.62082
47	DE30	55.879875	185.80495	36.169563	231.18317
48	DE40	43.622829	291.49225	38.620972	210.0457
49	DE50	60.5	197.13568	58.125954	206.6436
50	DE60	78.33017	223.08159	54.559921	201.45441
51	DE71	72.396263	195.02164	55.741425	190.21736
52	DE72	54.908897	177.93433	56.519306	175.51591
53	DE73	52.75618	175.65898	51.040878	169.76131
54	DE80	40.878239	264.10364	59.530258	220.31261
55	DE91	57.472797	205.58549	51.450195	194.45947
56	DE92	55.464355	186.12042	55.486389	189.39821
57	DE93	51.245777	213.0937	60.936222	202.80548
58	DE94	52.675674	208.81802	57.668438	171.21558
59	DEA1	60.060711	312.32095	56.805454	176.5116
60	DEA2	61.932213	146.8125	54.472729	219.02272
61	DEA3	51.709759	121.4101	55.054768	180.08145
62	DEA4	55.537697	122.35813	53.911827	163.25386
63	DEA5	52.156036	127.49431	56.829857	176.16721
64	DEB1	51.707603	196.83626	59.02319	185.06718
65	DEB2	46.923729	186.72882	63.530224	226.30122
66	DEB3	58.954853	218.83861	56.517754	191.6781
67	DEC0	52.005859	204.89453	62.652241	219.8891
68	DED2	40.907215	272.01031	28.818924	189.60513
69	DED4	39.345745	244.65027	37.270477	210.28769
70	DED5	41.753139	257.4707	35.653641	229.8425
71	DEE0	42.246971	275.06616	47.549992	235.76094
72	DEF0	52.913792	202.10423	65.322357	208.21645
73	DEG0	39.021317	238.45134	47.071854	204.964
74	DK01	80.811691	237.63962	61.472832	197.59744
75	DK02	66.904617	199.08	61.018852	206.10266
76	DK03	69.631218	208.69125	67.317619	205.06577
77	DK04	69.090759	198.13776	67.922012	210.08807
78	DK05	69.348755	202.92526	70.021713	193.10683
79	EE00	13.637607	40.952137	41.356403	154.9682
80	EL11	28.384298	138.14462	10.768594	65.273148
81	EL12	32.414326	178.74438	21.521608	127.39509
82	EL13	37.14706	232.47058	34.801979	168.84128
83	EL14	30.897163	174.98581	34.802685	173.66953
84	EL21	30.757813	125.24219	35.447689	175.73302
85	EL22	35.5	139.31818	34.499252	172.91782
86	EL23	29.253624	105.97464	34.456818	173.04814
87	EL24	44.440594	225.91585	33.793003	155.45189
88	EL25	30.688524	199.77869	37.491856	163.49452
89	EL30	47.367889	171.27812	33.85598	167.65407
90	EL41	34	131.61539	39.373726	171.5862
91	EL42	45.77869	147.60655	37.266689	168.57486
92	EL43	29.836432	114.28625	40.455139	175.23892
93	ES11	42.076447	179.58678	37.814056	166.63474
94	ES12	46.905659	228.66307	42.496906	180.03931
95	ES13	46.821255	199.89854	48.230381	218.51991
96	ES21	53.28326	214.16095	46.594925	215.5851
97	ES22	48.091873	229.01767	50.103485	211.55197
98	ES23	47.34127	205.17461	47.783325	217.38235
99	ES24	45.190388	228.25139	48.497375	207.06094
100	ES30	53.517097	224.89857	43.537949	208.25177
101	ES41	45.529842	215.58325	49.573708	214.55914
102	ES42	41.191292	193.41679	44.741409	192.2104
103	ES43	38.436951	198.83284	39.292229	163.34453
104	ES51	49.007572	208.17511	51.182865	214.48491
105	ES52	44.762909	178.77641	46.557114	205.53146
106	ES53	49.429974	205.54054	47.896126	199.73444
107	ES61	43.533279	182.99422	37.423164	167.82443
108	ES62	43.456818	175.55	45.638992	201.66748
109	FI19	58.449089	259.22546	51.437725	189.09113
110	FI1B	71.284378	251.03204	52.424755	171.58463
111	FI1C	61.872116	246.19078	54.307205	172.55289
112	FI1D	56.832016	255.78064	62.470009	206.77684
113	FI20	53.5625	151.5	65.016754	210.33138
114	FR10	79.767227	292.41196	60.107227	225.66061
115	FR21	62.223637	237.24001	70.650932	251.05658
116	FR22	60.70528	229.57918	64.003395	233.47615
117	FR23	61.669479	234.99437	63.708092	213.80606
118	FR24	59.096806	220.58882	61.033443	224.11111
119	FR25	55.644215	217.17271	62.901657	229.64156
120	FR26	58.824696	226.40244	62.966434	237.17914
121	FR30	56.840939	205.90067	65.991516	233.2435
122	FR41	58.841686	225.21982	63.916161	225.9122
123	FR42	61.594242	228.87566	56.571358	200.74673
124	FR43	57.529411	221.64923	59.30711	231.6463
125	FR51	56.916725	199.8959	57.738918	214.5822
126	FR52	57.058044	200.31676	51.483936	177.75964
127	FR53	55.226048	199.83832	56.908478	209.35434
128	FR61	57.881245	210.27437	53.43457	209.34392
129	FR62	56.139145	201.69574	54.919876	208.47626
130	FR63	54.432526	202.00693	56.911667	209.28058
131	FR71	61.7845	231.60933	61.553028	258.27591
132	FR72	56.215096	214.00566	58.240295	217.70535
133	FR81	57.062946	207.91924	57.326279	218.84404
134	FR82	63.485088	238.73439	63.284077	266.086
135	FR83	57.670212	194	61.296951	282.89606
136	HR04	19.535484	114.40215	18.520004	110.71729
137	HR03	19.274548	128.35558	37.197086	198.74495
138	HU10	19.699686	125.50094	15.47636	83.955742
139	HU21	16.977924	87.741722	23.386251	121.08195
140	HU22	17.31613	97.363441	35.346565	164.3524
141	HU23	15.329513	96.971344	17.67157	97.313751
142	HU31	15.620779	85.127274	15.133271	98.777222
143	HU32	14.882829	81.165657	13.729338	88.652824
144	HU33	14.828629	61.560482	16.502146	95.301384
145	IE01	57.256596	90.167862	59.45726	140.06335
146	IE02	85.656761	111.01095	51.080212	132.73608
147	ITC1	66.759682	319.12814	65.472672	262.63528
148	ITC2	63.775864	297.86206	64.878304	263.47147
149	ITC3	67.037384	273.91122	65.702477	285.44946
150	ITC4	71.28054	271.05942	66.610222	305.44946
151	ITF1	54.485149	241.53267	57.490643	301.00507
152	ITF2	54.645454	347.28183	54.120316	275.29645
153	ITF3	46.996838	266.7338	55.650036	291.40604
154	ITF4	48.178123	245.87065	50.734612	273.29596
155	ITF5	50.640778	297.77185	50.242081	262.91574
156	ITF6	46.904839	213.15968	50.450508	289.8895
157	ITG1	51.79134	291.78937	44.904388	234.02637
158	ITG2	50.584072	320.04071	62.71418	257.68793
159	ITH1	67.661018	300.19067	64.059158	280.36761
160	ITH2	68.074562	338.13159	65.266312	278.62131
161	ITH3	65.657845	298.21878	66.850296	301.99747
162	ITH4	61.713741	302.74808	56.284893	244.64571
163	ITH5	65.521622	297.8576	66.645004	284.53223
164	ITI1	61.174686	241.34015	63.673988	292.55569
165	ITI2	57.387932	254.61494	61.920891	283.42505
166	ITI3	58.122314	311.8215	61.774014	271.98373
167	ITI4	70.300682	324.57324	57.163109	279.31821
168	LT00	10.325233	58.496067	13.960691	87.088058
169	LU00	96.833336	271.82196	54.774128	207.14256
170	LV00	9.737792	67.622078	23.874453	92.098793
171	MT00	31.801371	146.59589	48.902382	263.06506
172	NL11	72.677902	190.65918	52.860062	218.43112
173	NL12	50.745644	201.53659	61.032349	216.71758
174	NL13	51.10268	177.33035	57.175106	221.09689
175	NL21	52.351852	169.54259	53.230019	200.77927
176	NL22	55.167545	168.69125	59.800407	242.06461
177	NL23	57.424461	334.92807	59.633049	187.45099
178	NL31	68.295349	186.35683	62.143993	226.93109
179	NL32	71.604851	211.12767	59.457291	220.84933
180	NL33	65.65345	212.7339	65.438484	216.80467
181	NL34	48.156071	212.3815	70.72683	245.22786
182	NL41	60.869667	207.17456	65.486603	222.34354
183	NL42	53.674419	177.52415	60.880619	231.22627
184	PL11	11.374778	55.049732	15.796956	108.84766
185	PL12	22.303015	216.85239	11.347938	53.183376
186	PL21	11.918797	69.294739	13.157426	84.723358
187	PL22	16.251896	93.285133	14.20944	101.28148
188	PL31	9.1072559	43.155624	13.730503	88.966682
189	PL32	11.14741	46.974766	12.527837	76.497002
190	PL33	12.132608	57.697826	11.960028	61.551998
191	PL34	11.150685	54.013699	13.16599	86.139023
192	PL41	13.973647	86.318375	13.349943	72.940338
193	PL42	14.38162	73.970406	28.506725	146.33078
194	PL43	12.346633	67.783043	34.382034	189.46666
195	PL51	17.526596	111.70744	19.683786	124.29903
196	PL52	14.323615	90.084549	15.56509	109.87451
197	PL61	11.120088	56.191048	15.467287	102.89516
198	PL62	12.974359	56	14.321932	97.161705
199	PL63	16.710638	100.25532	12.95927	68.052574
200	PT11	24.773735	90.967026	39.59774	184.14555
201	PT15	30.90576	141.93193	36.276199	158.13138
202	PT16	25.039797	98.061813	35.931618	156.03093
203	PT17	41.24596	181.37738	30.456249	131.83685
204	PT18	33.125	129.39063	35.832348	160.63963
205	RO11	5.2689657	52.023754	11.402498	84.525703
206	RO12	6.966856	65.036934	6.2069416	65.579727
207	RO21	3.2557929	27.081327	7.2260165	77.454819
208	RO22	5.3676691	46.746616	6.4676023	67.62722
209	RO31	4.4810429	42.450237	6.7904406	68.13559
210	RO32	14.045548	181.01656	4.8775396	40.422321
211	RO41	3.9833586	25.326778	7.609766	82.858009
212	RO42	6.3133998	72.246956	9.1861277	57.02272
213	SE11	74.602455	160.05476	58.582928	129.89124
214	SE12	58.87574	135.15384	61.728271	134.87143
215	SE21	55.964012	126.21851	67.763901	154.56166
216	SE22	60.859322	117.97458	61.645771	189.80545
217	SE23	63.670288	121.9855	65.171906	163.98236
218	SE31	60.842106	114.59834	62.257313	141.33533
219	SE32	60.575581	137.98256	61.525009	164.96638
220	SE33	60.168888	139.45334	59.71418	202.75555
221	SI01	23.701902	143.15433	44.452198	208.78398
222	SI02	30.140589	182.81406	51.644535	222.18594
223	SK01	21.035812	139.89256	42.807381	182.38112
224	SK02	15.071642	104.18358	28.219656	152.44394
225	SK03	13.026585	106.60736	14.465874	110.95507
226	SK04	13.228628	119.05169	13.31928	77.833961
227	UKC1	47.10408	162.28572	51.742416	159.89743
228	UKC2	49.291527	166.89153	52.433472	172.71584
229	UKD1	51.253521	232.48357	51.065029	151.35448
230	UKD3	55.558201	128.99382	53.552319	123.61153
231	UKD4	50.948196	117.03767	55.832024	154.81474
232	UKD6	61.608696	140.69565	51.771824	125.96319
233	UKD7	55.687077	139.05443	53.855827	128.65674
234	UKE1	47.534004	150.67758	49.099754	134.42303
235	UKE2	52.166199	150.22816	49.020782	130.25418
236	UKE3	44.464993	88.423698	52.17305	136.7531
237	UKE4	55.052631	132.84624	50.738361	121.14062
238	UKF1	50.554218	121.01971	50.338352	131.39565
239	UKF2	53.355213	127.11712	60.062222	156.44612
240	UKF3	43.260727	179.59737	50.205582	132.9671
241	UKG1	52.209999	114.39167	56.016964	133.72076
242	UKG2	46.11142	123.7103	58.136524	132.17712
243	UKG3	64.16452	130.62683	52.76791	125.38689
244	UKH1	55.119473	177.59737	77.141335	185.71077
245	UKH2	66.606094	149.54512	82.06324	181.86169
246	UKH3	49.967991	146.15237	80.414322	171.35677
247	UKI1	172.51665	326.14185	57.997253	124.63255
248	UKI2	58.750824	108.45557	80.75042	168.16982
249	UKJ1	75.72554	201.44156	83.24041	178.34222
250	UKJ2	65.582802	123.96577	82.991745	177.5238
251	UKJ3	58.887135	156.53612	62.154232	141.35378
252	UKJ4	49.078564	95.043938	82.684875	170.85214
253	UKK1	59.441338	151.03249	60.451569	144.97392
254	UKK2	51.270649	121.87346	58.978374	149.56393
255	UKK3	41.004829	147.47343	51.896763	124.5794
256	UKK4	48.627857	124.41788	53.523254	142.60651
257	UKL1	43.131649	89.456116	54.525902	130.79382
258	UKL2	57.012321	136.11705	53.445255	119.77612
259	UKM2	55.828415	158.25246	53.793251	181.74988
260	UKM5	58.868916	173.26218	52.355263	164.70837
261	UKM6	53.737144	175.78285	55.359932	171.84029
262	UKN0	56.995659	200.46599	61.16209	150.44882
263	UKM3	55.815151	160.3293	52.094639	184.07585
